0.8071
120,7
1004
1001
1002
1005
1000
1006
1003
152,7
1006
1001
1003
1005
1004
1002
1000
187,7
1003
1000
1001
1006
1005
1002
1004
190,6
1004
1001
1005
1003
1006
1002
158,6
1003
1002
1004
1005
1001
1006
178,4
1002
1006
1005
1003
193,4
1006
1003
1002
1005
128,3
1006
1005
1003
168,1
1005
157,1
1005
189,1
1005
194,0
109,0
114,0
147,0
160,0
186,0
133,0
185,0
108,0
110,0
111,0
112,0
113,0
118,0
119,0
131,0
151,0
162,0
175,0
176,0
179,0
146,0
155,0
159,0
198,0
126,0
135,0
138,0
143,0
169,0
171,0
188,0
116,0
140,0
191,0
124,0
161,0
196,0
115,0
122,0
130,0
141,0
154,0
181,0
184,0
192,0
123,0
129,0
132,0
137,0
153,0
156,0
102,0
164,0
183,0
100,0
101,0
106,0
125,0
150,0
165,0
170,0
172,0
177,0
197,0
199,0
103,0
104,0
144,0
148,0
166,0
195,0
107,0
174,0
105,0
117,0
121,0
127,0
136,0
139,0
149,0
167,0
180,0
134,0
142,0
145,0
163,0
173,0
182,0
